u,v
4550.0,4551.0
