u,v
3611.0,1717.0
1717.0,4810.0
